INFO: threshold bias towards = 0.016629032258065
INFO: unbiased distribution  = 0.016129032258065
INFO: threshold bias against = 0.015629032258065

Q = 0.016481399536133
k = 0.016363143920898
1 = 0.016349792480469
T = 0.01628589630127
2 = 0.016283988952637
J = 0.01628303527832
I = 0.01628303527832
3 = 0.01627254486084
V = 0.016265869140625
S = 0.016251564025879
B = 0.016249656677246
d = 0.016246795654297
0 = 0.01624584197998
R = 0.016242027282715
4 = 0.016237258911133
g = 0.016236305236816
W = 0.016234397888184
c = 0.016226768493652
X = 0.016223907470703
U = 0.016215324401855
y = 0.016215324401855
i = 0.016210556030273
O = 0.01619815826416
a = 0.016178131103516
N = 0.016178131103516
u = 0.016176223754883
Y = 0.016166687011719
M = 0.016152381896973
x = 0.016145706176758
A = 0.016145706176758
G = 0.016143798828125
s = 0.016124725341797
K = 0.016120910644531
P = 0.016119003295898
v = 0.016112327575684
5 = 0.016105651855469
l = 0.016097068786621
r = 0.016092300415039
6 = 0.016086578369141
w = 0.016079902648926
z = 0.01607608795166
7 = 0.016070365905762
t = 0.016057968139648
j = 0.016050338745117
C = 0.016049385070801
b = 0.016036987304688
e = 0.016034126281738
f = 0.016023635864258
H = 0.016013145446777
p = 0.01600456237793
Z = 0.01600170135498
o = 0.015997886657715
D = 0.015992164611816
F = 0.015974044799805
E = 0.015969276428223
h = 0.015956878662109
n = 0.015955924987793
L = 0.015945434570312
8 = 0.015911102294922
9 = 0.015890121459961
m = 0.015846252441406
q = 0.015814781188965

INFO: the provided character distribution is unbiased
